0 0.063194 0.195139 0.095833 0.101389
0 0.185417 0.195139 0.095833 0.101389
0 0.303472 0.192361 0.095833 0.101389
0 0.563194 0.317361 0.095833 0.101389
0 0.682639 0.189583 0.095833 0.101389
0 0.806250 0.193750 0.095833 0.101389
0 0.928472 0.193750 0.095833 0.101389
0 0.435417 0.439583 0.095833 0.101389
0 0.435417 0.563194 0.095833 0.101389
0 0.315972 0.817361 0.095833 0.101389
0 0.189583 0.815972 0.095833 0.101389
0 0.061806 0.821528 0.095833 0.101389
0 0.692361 0.814583 0.095833 0.101389
0 0.814583 0.820139 0.095833 0.101389
0 0.931250 0.817361 0.095833 0.101389
1 0.564583 0.064583 0.112500 0.109722
1 0.563194 0.936806 0.112500 0.109722
