2 0.061111 0.067361 0.105556 0.106944
2 0.056944 0.945833 0.105556 0.105556
2 0.947222 0.946528 0.105556 0.106944
2 0.937500 0.068750 0.105556 0.106944
5 0.811111 0.064583 0.105556 0.112500
5 0.809722 0.938194 0.105556 0.112500
5 0.313889 0.313194 0.105556 0.112500
5 0.436111 0.434028 0.105556 0.112500
3 0.685417 0.061806 0.106944 0.112500
3 0.688194 0.940972 0.106944 0.112500
3 0.310417 0.943056 0.106944 0.111111
3 0.314583 0.063194 0.106944 0.112500
0 0.064583 0.195139 0.090278 0.098611
0 0.940972 0.193750 0.090278 0.098611
0 0.814583 0.190972 0.090278 0.098611
0 0.678472 0.189583 0.090278 0.098611
0 0.554861 0.196528 0.090278 0.098611
0 0.306250 0.195139 0.090278 0.098611
0 0.178472 0.196528 0.090278 0.098611
0 0.436806 0.811806 0.090278 0.098611
0 0.310417 0.815972 0.090278 0.098611
0 0.190972 0.814583 0.090278 0.098611
0 0.053472 0.814583 0.090278 0.098611
0 0.938194 0.814583 0.090278 0.098611
0 0.811806 0.820139 0.090278 0.098611
0 0.692361 0.818750 0.090278 0.098611
1 0.561111 0.064583 0.105556 0.109722
1 0.563889 0.939583 0.105556 0.109722
