2 0.062500 0.068750 0.102778 0.109722
2 0.933333 0.945139 0.102778 0.109722
2 0.937500 0.063194 0.102778 0.109722
2 0.052083 0.944444 0.101389 0.108333
3 0.310417 0.063889 0.109722 0.113889
3 0.692361 0.942361 0.109722 0.112500
3 0.315972 0.934722 0.109722 0.113889
3 0.688194 0.061111 0.109722 0.113889
0 0.059028 0.188889 0.104167 0.116667
0 0.938194 0.809722 0.104167 0.116667
0 0.436806 0.813889 0.104167 0.116667
0 0.321528 0.812500 0.104167 0.116667
0 0.189583 0.809722 0.104167 0.116667
0 0.811806 0.812500 0.104167 0.116667
0 0.690972 0.811111 0.104167 0.116667
0 0.936806 0.190278 0.104167 0.116667
0 0.806250 0.186111 0.104167 0.116667
0 0.689583 0.188889 0.104167 0.116667
0 0.561806 0.190278 0.104167 0.116667
0 0.310417 0.186111 0.104167 0.116667
0 0.184028 0.188889 0.104167 0.116667
0 0.059028 0.808333 0.104167 0.116667
5 0.311806 0.312500 0.106944 0.113889
5 0.686806 0.312500 0.106944 0.113889
5 0.815972 0.941667 0.106944 0.113889
5 0.438194 0.436111 0.106944 0.113889
1 0.565972 0.064583 0.115278 0.118056
1 0.561806 0.938194 0.115278 0.118056
4 0.438889 0.937500 0.116667 0.113889
