2 0.061806 0.062500 0.101389 0.108333
2 0.942361 0.061111 0.101389 0.108333
2 0.938194 0.943056 0.101389 0.108333
2 0.057639 0.943056 0.101389 0.108333
3 0.314583 0.064583 0.109722 0.109722
3 0.693750 0.940972 0.109722 0.109722
3 0.688194 0.061806 0.109722 0.109722
3 0.311806 0.935417 0.109722 0.109722
5 0.313194 0.189583 0.109722 0.106944
5 0.310417 0.311806 0.109722 0.106944
5 0.684028 0.317361 0.109722 0.106944
5 0.815972 0.939583 0.109722 0.106944
0 0.562500 0.190972 0.094444 0.098611
0 0.690278 0.811806 0.094444 0.098611
0 0.438889 0.813194 0.094444 0.098611
0 0.306944 0.818750 0.094444 0.098611
0 0.191667 0.818750 0.094444 0.098611
0 0.058333 0.815972 0.094444 0.098611
0 0.933333 0.195139 0.094444 0.098611
0 0.806944 0.193750 0.094444 0.098611
0 0.686111 0.193750 0.094444 0.098611
0 0.191667 0.192361 0.094444 0.098611
0 0.061111 0.193750 0.094444 0.098611
0 0.815278 0.824306 0.094444 0.098611
0 0.936111 0.818750 0.094444 0.098611
1 0.563194 0.059722 0.109722 0.105556
1 0.563194 0.936111 0.109722 0.105556
4 0.437500 0.938194 0.122222 0.120833
