2 0.062005 0.065963 0.097625 0.108179
2 0.941953 0.936675 0.097625 0.108179
2 0.050132 0.935356 0.097625 0.108179
2 0.924802 0.060686 0.097625 0.108179
5 0.186016 0.063984 0.110818 0.112137
5 0.815303 0.937335 0.110818 0.112137
5 0.811346 0.061346 0.110818 0.112137
5 0.183377 0.934697 0.110818 0.112137
3 0.686016 0.934697 0.102902 0.120053
3 0.308707 0.060026 0.102902 0.117414
3 0.315303 0.939974 0.102902 0.120053
3 0.687335 0.060026 0.102902 0.117414
4 0.435356 0.061346 0.124011 0.120053
4 0.435356 0.939314 0.124011 0.121372
0 0.060026 0.192612 0.106860 0.108179
0 0.562665 0.813984 0.106860 0.108179
0 0.932058 0.193931 0.106860 0.108179
0 0.806728 0.192612 0.106860 0.108179
0 0.694591 0.189974 0.106860 0.108179
0 0.562665 0.196570 0.106860 0.108179
0 0.438654 0.812665 0.106860 0.108179
0 0.310686 0.816623 0.106860 0.108179
0 0.433377 0.191293 0.106860 0.108179
0 0.315963 0.191293 0.106860 0.108179
0 0.186675 0.195251 0.106860 0.108179
0 0.186675 0.819261 0.106860 0.108179
0 0.061346 0.813984 0.106860 0.108179
0 0.693272 0.808707 0.106860 0.108179
0 0.812005 0.813984 0.106860 0.108179
0 0.946570 0.813984 0.106860 0.108179
